--- Benchmark Results ---
Prec     M     N     K     BatchSize  CPU Time (ms)      GPU H2D (ms)       GPU Compute (ms)   GPU D2H (ms)       GPU Total (ms)
-------- ----- ----- ----- ---------- ------------------ ------------------ ------------------ ------------------ ------------------#
Loop     through parameters
Running: M=N=K=, Prec=float, Batch=2000, Iter=50...
float    10    10    10    2000       6.5111             0.248484           0.478193           0.089391           0.816068
float    20    20    20    2000       12.3861            0.555827           2.87951            0.253579           3.68892
float    30    30    30    2000       34.15              1.01155            3.31878            0.493557           4.82388
float    60    60    60    2000       140.232            3.61839            6.25415            1.78414            11.6567
float    80    80    80    2000       216.291            6.04024            8.82562            3.08015            17.946
float    100   100   100   2000       301.956            9.39601            13.2436            4.76973            27.4093
float    150   150   150   2000       734.352            20.6438            41.5305            10.6794            72.8536
float    200   200   200   2000       1432.52            36.7663            58.8095            19.0125            114.588
float    250   250   250   2000       2751.35            56.1028            83.1348            29.3775            168.615
float    300   300   300   2000       4726.73            80.5424            191.863            42.2808            314.686
Running: M=N=K=300, Prec=double, Batch=2000, Iter=50...
double   10    10    10    2000       9.71294            0.341931           1.15677            0.145753           1.64446
double   20    20    20    2000       11.6217            0.962554           6.17495            0.44944            7.58695
double   30    30    30    2000       64.3541            1.84417            6.32139            0.907034           9.0726
double   60    60    60    2000       225.335            6.73788            48.1235            3.50776            58.3692
double   80    80    80    2000       366.519            11.8681            171.386            6.09339            189.347
double   100   100   100   2000       577.788            18.3394            311.105            9.75297            339.197
double   150   150   150   2000       1462.69            41.2381            828.943            21.8235            892.004
double   200   200   200   2000       2973.15            72.1069            1976.76            38.1118            2086.98
double   250   250   250   2000       5607.85            111.652            2768.85            58.6325            2939.14
double   300   300   300   2000       8949.87            162.1              5113.12            87.7821            5363
